Function: F16
Best Score: 1603.5952
Worst Score: 1616.8006
Mean Score: 1610.4233
Standard Deviation: 2.9088
All Best Scores:
1615.3728, 1608.6645, 1608.9153, 1607.2809, 1613.0960, 1603.5952, 1615.7342, 1608.2162, 1611.4569, 1609.7517,
1614.8861, 1604.3194, 1609.5326, 1609.3476, 1613.9011, 1607.2001, 1609.9825, 1607.8662, 1610.6264, 1612.2483,
1607.1980, 1613.9340, 1613.2046, 1612.0073, 1613.2024, 1608.4486, 1610.1311, 1607.6925, 1609.6961, 1612.0909,
1608.4248, 1609.3095, 1608.4383, 1607.9642, 1608.4861, 1610.4618, 1607.1479, 1611.2031, 1615.4792, 1612.7259,
1609.9243, 1607.8369, 1608.2583, 1615.5772, 1610.6522, 1608.5888, 1611.0726, 1616.8006, 1610.8603, 1612.3514

