Function: F19
Best Score: 1913.6054
Worst Score: 1932.8964
Mean Score: 1924.3796
Standard Deviation: 4.5021
All Best Scores:
1930.8736, 1925.4180, 1927.7323, 1932.7809, 1931.2876, 1919.9082, 1927.6177, 1923.2119, 1923.4045, 1925.4597, 
1924.3935, 1929.6344, 1926.8615, 1924.3041, 1925.5928, 1925.1520, 1929.7937, 1922.9967, 1925.0696, 1920.4010, 
1913.6054, 1926.4318, 1927.2751, 1920.8487, 1932.8964, 1918.9999, 1924.0004, 1923.0686, 1929.9485, 1929.6948, 
1924.4371, 1925.3300, 1920.2662, 1915.8942, 1922.4257, 1924.4427, 1928.7385, 1928.6269, 1922.2680, 1922.6081, 
1919.6231, 1918.1373, 1916.9923, 1931.6205, 1921.7787, 1922.0651, 1918.8062, 1926.9273, 1917.3618, 1922.9664

