Function: F12
Best Score: 1200.1350511067967
Worst Score: 1200.1350511067967
Mean Score: 1303.10
Standard Deviation: 34.2074
All Best Scores:
1200.1350511067967, 1290.91, 1242.24, 1223.70, 1303.10, 1288.78, 1237.00, 1273.65, 1243.46, 1246.14,
 1182.20, 1163.64, 1226.14, 1200.87, 1161.92, 1225.83, 1217.44, 1185.31, 1258.49, 1195.33,
 1213.68, 1234.50, 1229.38, 1217.25, 1189.29, 1247.23, 1212.22, 1248.41, 1230.22, 1238.61,
 1223.35, 1254.59, 1225.83, 1234.00, 1264.96, 1241.79, 1196.99, 1217.34, 1240.85, 1262.92,
 1207.84, 1181.73, 1217.11, 1292.99, 1214.34, 1252.90, 1179.74, 1170.62, 1212.26, 1261.85
